Output of:
    for I in `seq 10 100`; do echo $I `./parse_track.py -S $I tracka trackb`; done | sort -k2n,2

Clearly 77 is the best prime for the node names of tracka

77 3 3
79 3 3
96 3 3
62 4 4
71 4 4
72 4 4
75 4 4
80 4 4
81 4 4
88 4 4
89 4 4
90 4 4
92 4 4
93 4 4
100 5 5
44 5 5
50 5 5
51 5 5
58 5 5
59 5 5
69 5 5
70 5 5
73 5 5
74 5 5
83 5 5
85 5 5
87 5 5
91 5 5
94 5 5
95 5 5
97 5 5
40 6 6
46 6 6
47 6 5
48 6 6
49 6 6
52 6 6
53 6 6
54 6 6
55 6 6
60 6 6
61 6 6
63 6 6
67 6 5
76 6 6
82 6 6
84 6 6
98 6 6
23 7 7
37 7 7
38 7 7
42 7 7
45 7 7
56 7 7
57 7 7
64 7 7
65 7 7
86 7 7
24 8 8
29 8 8
30 8 8
31 8 8
32 8 8
35 8 8
36 8 8
41 8 8
43 8 8
78 8 8
19 9 9
20 9 9
25 9 9
26 9 9
28 9 9
39 9 9
66 9 9
21 10 10
22 10 10
27 10 10
68 10 10
18 11 11
99 11 11
13 12 12
14 13 13
15 13 13
34 13 13
12 14 14
17 15 14
10 16 16
11 16 16
16 16 16
33 16 16
